[191][273];-0.27734512090682983;-0.1299280822277069;0.008927570655941963;0.1364917904138565;0.1364917904138565;0.18099017441272736;0.18099017441272736;0.17748937010765076;0.1660066545009613;0.1660066545009613;0.15339772403240204;0.1524960696697235;0.1517169177532196;0.1513528674840927;0.14900721609592438;0.14945058524608612;0.13459105789661407;0.14261877536773682;0.1325383186340332;0.13210317492485046;0.1086772009730339;0.10745207220315933;0.09912839531898499;0.10019233077764511;0.09337056428194046;0.09753487259149551;0.09555166214704514;0.08848483860492706;0.0873662531375885;0.0861235037446022;0.08648892492055893;0.07993198186159134;0.08345253765583038;0.07947540283203125;0.07663809508085251;0.07723759859800339;0.0776074156165123;0.07266654074192047;0.07093477994203568;0.07201114296913147;0.07064470648765564;0.06883352994918823;0.06846291571855545;0.06696116924285889;0.04729286581277847;0.04366970807313919;0.04598898068070412;0.04961230978369713;0.04763612896203995;0.04965195432305336;0.05092034116387367;0.052130792289972305;0.05309740826487541;0.056071896106004715;0.05774052441120148;0.05823984742164612;0.05773172155022621;0.06272678077220917;0.0688575804233551;0.07524596899747849;0.08191327750682831;0.08980412781238556;0.10033941268920898;0.10435841232538223;0.10902713984251022;0.11930984258651733;0.13079509139060974;0.13533516228199005;0.13556450605392456;0.11879844963550568;0.12958042323589325;0.13179701566696167;0.14008058607578278;0.14684459567070007;0.14639607071876526;0.14645180106163025;0.15043942630290985;0.15218350291252136;0.15536025166511536;0.15678086876869202;0.1525990068912506;0.15208587050437927;0.15471628308296204;0.15588752925395966;0.15346738696098328;0.15213648974895477;0.15010148286819458;0.14924278855323792;0.15192872285842896;0.15349411964416504;0.14515498280525208;0.14624737203121185;0.14868593215942383;0.15256302058696747;0.15596014261245728;0.15684546530246735;0.15808649361133575;0.14467163383960724;0.1440674066543579;0.14587976038455963;0.14332321286201477;0.15052060782909393;0.14747607707977295;0.14630857110023499;0.15253597497940063;0.1626202017068863;0.16244949400424957;0.16641376912593842;0.16544406116008759;0.16676361858844757;0.17426398396492004;0.1720535010099411;0.17971748113632202;0.19292396306991577;0.19491776823997498;0.19726015627384186;0.21127845346927643;0.2107417732477188;0.21825586259365082;0.23115424811840057;0.23883630335330963;0.24686038494110107;0.2559604346752167;0.2635490298271179;0.25164803862571716;0.261900931596756;0.2629068195819855;0.2619379758834839;0.26862984895706177;0.28192371129989624;0.29354384541511536;0.29144546389579773;0.30131983757019043;0.3254268169403076;0.3494640588760376;0.3671383261680603;0.3898257315158844;0.40950801968574524;0.42752718925476074;0.43720805644989014;0.4530417323112488;0.47460347414016724;0.4581775665283203;0.5101947784423828;0.5033913850784302;0.5000858306884766;0.4607767164707184;0.4554039239883423;0.46902188658714294;0.4865151643753052;0.4702029526233673;0.4708450436592102;0.47216320037841797;0.46947580575942993;0.48039311170578003;0.476529598236084;0.47803133726119995;0.4900621473789215;0.491312712430954;0.4881646931171417;0.47100573778152466;0.48052868247032166;0.4686989486217499;0.45440971851348877;0.4137120842933655;0.417051762342453;0.4132029712200165;0.42000097036361694;0.41396746039390564;0.4056398272514343;0.410121887922287;0.41010919213294983;0.4109964668750763;0.41438010334968567;0.4090784788131714;0.4037250876426697;0.4064399302005768;0.4085490107536316;0.41363757848739624;0.3636237382888794;0.3668837547302246;0.3626829981803894;0.3584471642971039;0.35601121187210083;0.35818424820899963;0.3533927798271179;0.35322636365890503;0.3594689667224884;0.35783255100250244;0.35117965936660767;0.34786275029182434;0.355323851108551;0.3156496584415436;0.3081238865852356;0.303130179643631;0.30498644709587097;0.30766308307647705;0.3041723370552063;0.3028152287006378;0.2951546013355255;0.2972199320793152;0.2993113398551941;0.2878275215625763;0.2834782898426056;0.28124764561653137;0.25815245509147644;0.2549695670604706;0.24771806597709656;0.24155257642269135;0.23862916231155396;0.23368282616138458;0.2307826280593872;0.21139177680015564;0.19406603276729584;0.1801009327173233;0.14168021082878113;0.12707658112049103;0.12101086229085922;0.03194152191281319;-0.017936142161488533;0.013733776286244392;0.06890657544136047;0.06890657544136047;0.06890657544136047
[192][273];-0.304161936044693;-0.26786163449287415;-0.17085982859134674;-0.1404670923948288;-0.1404670923948288;-0.13895408809185028;-0.13895408809185028;-0.15483298897743225;-0.16506803035736084;-0.16506803035736084;-0.17434419691562653;-0.17529749870300293;-0.1778986006975174;-0.18165932595729828;-0.1801053136587143;-0.18070848286151886;-0.18980735540390015;-0.19098100066184998;-0.19218331575393677;-0.19447515904903412;-0.22216980159282684;-0.22457318007946014;-0.22562098503112793;-0.23121587932109833;-0.23177039623260498;-0.23776844143867493;-0.23958627879619598;-0.24181032180786133;-0.24154824018478394;-0.24191950261592865;-0.24506643414497375;-0.24923458695411682;-0.24967990815639496;-0.25204455852508545;-0.25238800048828125;-0.25156497955322266;-0.25534600019454956;-0.25806447863578796;-0.2564544975757599;-0.2572159469127655;-0.25947415828704834;-0.26011839509010315;-0.2617991268634796;-0.2625961899757385;-0.28653499484062195;-0.2853833734989166;-0.2853720486164093;-0.28624966740608215;-0.2856677174568176;-0.283995658159256;-0.28363558650016785;-0.28251978754997253;-0.28348538279533386;-0.28237032890319824;-0.2807396352291107;-0.27839896082878113;-0.2762666344642639;-0.27278757095336914;-0.26753541827201843;-0.263268381357193;-0.25539201498031616;-0.24679329991340637;-0.2402098923921585;-0.23457002639770508;-0.22681909799575806;-0.22033357620239258;-0.2155890166759491;-0.20920754969120026;-0.20348384976387024;-0.22039605677127838;-0.21780763566493988;-0.2125033438205719;-0.2085651010274887;-0.20605120062828064;-0.20432069897651672;-0.20192354917526245;-0.200449600815773;-0.19903454184532166;-0.19433967769145966;-0.19625355303287506;-0.19833257794380188;-0.19716694951057434;-0.1993558406829834;-0.20225468277931213;-0.2022470384836197;-0.20216940343379974;-0.20239724218845367;-0.20349059998989105;-0.20622096955776215;-0.2045576423406601;-0.2069029062986374;-0.20554222166538239;-0.20646142959594727;-0.2068307250738144;-0.20667317509651184;-0.2067391574382782;-0.20385722815990448;-0.22609911859035492;-0.2242787927389145;-0.22429421544075012;-0.22121785581111908;-0.22383637726306915;-0.22266428172588348;-0.22074738144874573;-0.21630780398845673;-0.21860632300376892;-0.2173282504081726;-0.21625429391860962;-0.21032977104187012;-0.20829316973686218;-0.2053125500679016;-0.20201070606708527;-0.1959543377161026;-0.19094206392765045;-0.18440218269824982;-0.17814625799655914;-0.17288322746753693;-0.16777606308460236;-0.15989312529563904;-0.1504187434911728;-0.1439485251903534;-0.1370542049407959;-0.12706482410430908;-0.1225028708577156;-0.1358320415019989;-0.13209837675094604;-0.13183273375034332;-0.1275513470172882;-0.11982489377260208;-0.10303507000207901;-0.10157842189073563;-0.09227167069911957;-0.07752582430839539;-0.05999067798256874;-0.03553958237171173;-0.0232212133705616;-0.006962785962969065;0.007781310938298702;0.026365742087364197;0.049246277660131454;0.061937060207128525;0.06978674232959747;0.0783071294426918;0.09242595732212067;0.10237081348896027;0.10885641723871231;0.08419071137905121;0.0819413959980011;0.08718284964561462;0.09735217690467834;0.10672937333583832;0.0991223007440567;0.09491803497076035;0.09894129633903503;0.10397674143314362;0.10587518662214279;0.10363447666168213;0.10305613279342651;0.10123151540756226;0.09954241663217545;0.09441705793142319;0.08909401297569275;0.09229940921068192;0.08604320883750916;0.054839882999658585;0.05337180942296982;0.05731762945652008;0.0568266399204731;0.05366049334406853;0.0476534329354763;0.05175093561410904;0.044464416801929474;0.045342568308115005;0.04654642194509506;0.04874793440103531;0.04460809379816055;0.04594237729907036;0.05104313790798187;0.05194355174899101;0.02047933079302311;0.017778169363737106;0.01389954425394535;0.018688863143324852;0.022250313311815262;0.018942998722195625;0.02140018343925476;0.01925940066576004;0.021069444715976715;0.02044353075325489;0.02067643590271473;0.016810039058327675;0.015776777639985085;-0.015215512365102768;-0.01617802120745182;-0.01605208031833172;-0.01452696043998003;-0.019482066854834557;-0.01648789644241333;-0.0172846931964159;-0.0240480937063694;-0.02627244032919407;-0.02182902954518795;-0.019024791195988655;-0.024387523531913757;-0.02220662496984005;-0.049029234796762466;-0.050725553184747696;-0.05198176950216293;-0.054219529032707214;-0.05768522992730141;-0.0585140660405159;-0.0638495534658432;-0.077948659658432;-0.08389582484960556;-0.0916396901011467;-0.09581377357244492;-0.1025187149643898;-0.10925937443971634;-0.13743947446346283;-0.15084804594516754;-0.17250904440879822;-0.22831378877162933;-0.22831378877162933;-0.22831378877162933
[193][273];-0.375911682844162;-0.3723859190940857;-0.32942673563957214;-0.32016393542289734;-0.32942673563957214;-0.34763234853744507;-0.34763234853744507;-0.36562442779541016;-0.37447279691696167;-0.37447279691696167;-0.37803977727890015;-0.3789750039577484;-0.3832046687602997;-0.3865538239479065;-0.38415980339050293;-0.3886384069919586;-0.39417657256126404;-0.3981766700744629;-0.40336963534355164;-0.4029584228992462;-0.42871055006980896;-0.4296879470348358;-0.4328770637512207;-0.4363853931427002;-0.4361027479171753;-0.44267773628234863;-0.4442737102508545;-0.4455288052558899;-0.44755464792251587;-0.4481176733970642;-0.45128580927848816;-0.4557930529117584;-0.45782271027565;-0.45891639590263367;-0.4603499472141266;-0.46062108874320984;-0.46269097924232483;-0.4645863473415375;-0.4649399518966675;-0.4667319357395172;-0.46898964047431946;-0.46904462575912476;-0.46969443559646606;-0.46881675720214844;-0.4912330210208893;-0.4914359748363495;-0.4913301467895508;-0.492436021566391;-0.49312809109687805;-0.49203231930732727;-0.4918140470981598;-0.49049824476242065;-0.48982271552085876;-0.4892388582229614;-0.4892835319042206;-0.48801136016845703;-0.4850122034549713;-0.4805165231227875;-0.47623729705810547;-0.4711162745952606;-0.46478593349456787;-0.45730268955230713;-0.4515395164489746;-0.4474048614501953;-0.43968459963798523;-0.43158772587776184;-0.4266056418418884;-0.4205547571182251;-0.41646143794059753;-0.43530139327049255;-0.4311073422431946;-0.42641380429267883;-0.4233763515949249;-0.42288073897361755;-0.4155269265174866;-0.4125547707080841;-0.4106099307537079;-0.4093690812587738;-0.407905638217926;-0.41060033440589905;-0.41386544704437256;-0.4145970642566681;-0.41636234521865845;-0.4184145927429199;-0.42006027698516846;-0.4226258099079132;-0.4222815930843353;-0.42323729395866394;-0.4250777065753937;-0.4251958131790161;-0.4259677827358246;-0.4274938702583313;-0.42765069007873535;-0.4278854727745056;-0.426425576210022;-0.42735767364501953;-0.42464953660964966;-0.4459261894226074;-0.4435535967350006;-0.4446680545806885;-0.4450761079788208;-0.4451867640018463;-0.4431993365287781;-0.44036510586738586;-0.44122979044914246;-0.43936887383461;-0.43970784544944763;-0.4370805621147156;-0.43420296907424927;-0.4316619038581848;-0.4308769702911377;-0.4258688986301422;-0.4209883511066437;-0.4162147343158722;-0.4088671803474426;-0.4069160223007202;-0.400118350982666;-0.39065176248550415;-0.38519516587257385;-0.37892305850982666;-0.37242674827575684;-0.3627105951309204;-0.35896337032318115;-0.3494997024536133;-0.3638707101345062;-0.35943830013275146;-0.3563253879547119;-0.3530302345752716;-0.3436453640460968;-0.3362608551979065;-0.3233731687068939;-0.3153909146785736;-0.3022390604019165;-0.2893274426460266;-0.27070218324661255;-0.2521841824054718;-0.23730947077274323;-0.2162518948316574;-0.1983378529548645;-0.18429714441299438;-0.16995665431022644;-0.1569705307483673;-0.14729571342468262;-0.1397988349199295;-0.12789402902126312;-0.12175857275724411;-0.13850313425064087;-0.13775619864463806;-0.1305921971797943;-0.128702312707901;-0.12338218837976456;-0.12731778621673584;-0.11758898198604584;-0.11796828359365463;-0.12237007170915604;-0.11903008073568344;-0.11610662937164307;-0.11965221911668777;-0.11951050162315369;-0.12062259018421173;-0.125747948884964;-0.12867282330989838;-0.13229238986968994;-0.12855829298496246;-0.1576983481645584;-0.1518131047487259;-0.1559094339609146;-0.15699900686740875;-0.16110065579414368;-0.16036391258239746;-0.16261886060237885;-0.16303065419197083;-0.16226740181446075;-0.16020913422107697;-0.16200385987758636;-0.15994258224964142;-0.15911652147769928;-0.15783706307411194;-0.15987688302993774;-0.1793975532054901;-0.17930176854133606;-0.18005813658237457;-0.18046769499778748;-0.17821051180362701;-0.17548823356628418;-0.17736034095287323;-0.1769532412290573;-0.17500682175159454;-0.17541031539440155;-0.17652487754821777;-0.17558181285858154;-0.17754799127578735;-0.1991860568523407;-0.20303550362586975;-0.19969648122787476;-0.20001429319381714;-0.20394068956375122;-0.20415635406970978;-0.2013193964958191;-0.20243458449840546;-0.2022431492805481;-0.20630483329296112;-0.2067970335483551;-0.20473270118236542;-0.2052859365940094;-0.22313010692596436;-0.2178201675415039;-0.2209092527627945;-0.22118094563484192;-0.22398164868354797;-0.22536848485469818;-0.23037415742874146;-0.23654119670391083;-0.23495815694332123;-0.23632247745990753;-0.2309674173593521;-0.25192487239837646;-0.2589472234249115;-0.2589837908744812;-0.2524726390838623;-0.2632926404476166;-0.2736884653568268;-0.2736884653568268;-0.2736884653568268
[194][273];-0.41790521144866943;-0.4302810728549957;-0.4374343156814575;-0.4424753189086914;-0.4424753189086914;-0.4690004289150238;-0.4690004289150238;-0.4859856069087982;-0.491441547870636;-0.491441547870636;-0.4976774752140045;-0.4981410503387451;-0.4997531473636627;-0.5027543902397156;-0.5026823878288269;-0.5091292262077332;-0.5118382573127747;-0.5184524655342102;-0.5220311880111694;-0.5227771401405334;-0.5449745655059814;-0.5478006601333618;-0.5511839985847473;-0.5534161925315857;-0.5548305511474609;-0.5587606430053711;-0.5615344047546387;-0.5636436939239502;-0.5664002299308777;-0.5672957301139832;-0.5702996253967285;-0.5737761855125427;-0.573402464389801;-0.576471209526062;-0.580045223236084;-0.5805035829544067;-0.5825375914573669;-0.583713710308075;-0.5847594738006592;-0.5867232084274292;-0.5892115831375122;-0.5878280401229858;-0.589057981967926;-0.5889341831207275;-0.6086414456367493;-0.6108615398406982;-0.6109209656715393;-0.6125339269638062;-0.6132321953773499;-0.6112658381462097;-0.6108335256576538;-0.6092442274093628;-0.6090008616447449;-0.6090959906578064;-0.6091259121894836;-0.607601523399353;-0.6046664118766785;-0.6015201807022095;-0.5967514514923096;-0.5926691889762878;-0.5873023867607117;-0.5801994800567627;-0.5733777284622192;-0.5684903860092163;-0.561778724193573;-0.5544397830963135;-0.5496031641960144;-0.5456908941268921;-0.5409185290336609;-0.5558986067771912;-0.5533695816993713;-0.5500036478042603;-0.5454265475273132;-0.5434852242469788;-0.5371437668800354;-0.5360211133956909;-0.5351532697677612;-0.5356941819190979;-0.5335420966148376;-0.5349693894386292;-0.5375112295150757;-0.5391793251037598;-0.5415880680084229;-0.5442458391189575;-0.5462881922721863;-0.546174943447113;-0.5482062697410583;-0.5483851432800293;-0.5498186349868774;-0.5503221750259399;-0.5528655052185059;-0.5544672012329102;-0.5546327829360962;-0.5531692504882812;-0.5539571046829224;-0.5552836656570435;-0.5517823100090027;-0.5712835192680359;-0.5702369809150696;-0.5684937834739685;-0.5677950978279114;-0.5683419704437256;-0.5694673657417297;-0.565863847732544;-0.566965639591217;-0.5680682063102722;-0.5676972270011902;-0.5634303092956543;-0.5606158971786499;-0.5589097738265991;-0.5574950575828552;-0.5527531504631042;-0.5469655990600586;-0.5463329553604126;-0.5378947854042053;-0.5369582772254944;-0.527862548828125;-0.5204057693481445;-0.5157482624053955;-0.5072758197784424;-0.5015210509300232;-0.4943796396255493;-0.49185097217559814;-0.48304855823516846;-0.4939269423484802;-0.4897136986255646;-0.48463165760040283;-0.48000994324684143;-0.47189944982528687;-0.46453019976615906;-0.45510026812553406;-0.44816404581069946;-0.4338722825050354;-0.41786009073257446;-0.4037247598171234;-0.38434284925460815;-0.3693643808364868;-0.3469417989253998;-0.3337136507034302;-0.31613337993621826;-0.30491945147514343;-0.2925499975681305;-0.2820976674556732;-0.27617695927619934;-0.27098071575164795;-0.2650984823703766;-0.2701123058795929;-0.26313289999961853;-0.26121559739112854;-0.25957557559013367;-0.2549990117549896;-0.25378116965293884;-0.2553020119667053;-0.2510764002799988;-0.2530597150325775;-0.24678973853588104;-0.2503632605075836;-0.248801589012146;-0.25081780552864075;-0.25624728202819824;-0.25584274530410767;-0.2599145174026489;-0.2623134255409241;-0.2618166506290436;-0.2799825668334961;-0.2801441550254822;-0.27952760457992554;-0.2808508574962616;-0.28515365719795227;-0.28466278314590454;-0.2852649390697479;-0.2855924963951111;-0.2858280539512634;-0.2855015695095062;-0.28475385904312134;-0.28619155287742615;-0.2843186855316162;-0.28600409626960754;-0.2869652807712555;-0.3013014495372772;-0.3008931875228882;-0.3023499548435211;-0.29931607842445374;-0.29543331265449524;-0.2940780222415924;-0.295525461435318;-0.29613709449768066;-0.2925693988800049;-0.29395121335983276;-0.2943725287914276;-0.29469266533851624;-0.29947659373283386;-0.313222199678421;-0.3134571611881256;-0.3106858730316162;-0.3142028748989105;-0.3161880075931549;-0.3137603998184204;-0.314142644405365;-0.3147919774055481;-0.31297993659973145;-0.3124496340751648;-0.31247347593307495;-0.3119872212409973;-0.3118191063404083;-0.326865017414093;-0.3250541388988495;-0.3248053789138794;-0.3262052834033966;-0.3246499001979828;-0.3235800862312317;-0.3271533250808716;-0.323445588350296;-0.3190555274486542;-0.32149410247802734;-0.3195609152317047;-0.3289499282836914;-0.3289581537246704;-0.32878798246383667;-0.31951001286506653;-0.32075944542884827;-0.3147677183151245;-0.3147677183151245;-0.3147677183151245
[195][273];-0.43747133016586304;-0.504807710647583;-0.5038115382194519;-0.5082912445068359;-0.5082912445068359;-0.5359232425689697;-0.5359232425689697;-0.54972243309021;-0.5554112195968628;-0.5554112195968628;-0.5632348656654358;-0.5610901713371277;-0.5634655952453613;-0.5657004714012146;-0.5652979612350464;-0.5716640949249268;-0.5752576589584351;-0.5820963382720947;-0.5866236686706543;-0.5873340964317322;-0.6059730052947998;-0.609977126121521;-0.6129850149154663;-0.6175711154937744;-0.6165790557861328;-0.6213897466659546;-0.6253018379211426;-0.6256652474403381;-0.6301111578941345;-0.6311594843864441;-0.6341009140014648;-0.6359809637069702;-0.6372738480567932;-0.639790952205658;-0.6426336765289307;-0.6434676647186279;-0.6455109119415283;-0.6488227844238281;-0.6502948999404907;-0.651001513004303;-0.652808427810669;-0.6522403359413147;-0.6533347368240356;-0.65290367603302;-0.6721981167793274;-0.6727548241615295;-0.6725543141365051;-0.6755926609039307;-0.6759588122367859;-0.6738530397415161;-0.6731014847755432;-0.6719962358474731;-0.672059953212738;-0.6726882457733154;-0.6737544536590576;-0.6724666357040405;-0.6693285703659058;-0.6654958724975586;-0.6612046360969543;-0.6568639874458313;-0.6511954665184021;-0.6441249847412109;-0.6376630663871765;-0.6337752938270569;-0.6266390085220337;-0.6198685765266418;-0.6159656047821045;-0.6113369464874268;-0.6074050664901733;-0.6206027269363403;-0.6164477467536926;-0.6132578253746033;-0.6106252670288086;-0.6093255281448364;-0.6034185290336609;-0.6019555330276489;-0.6014249324798584;-0.6004504561424255;-0.5997774600982666;-0.600161075592041;-0.6030222773551941;-0.6047232151031494;-0.6075332164764404;-0.6097143292427063;-0.6121836304664612;-0.6142581105232239;-0.6139750480651855;-0.6141969561576843;-0.6171702146530151;-0.6186922192573547;-0.6205270886421204;-0.6211865544319153;-0.6201251149177551;-0.6212418079376221;-0.6218878030776978;-0.6212965846061707;-0.6194204688072205;-0.6378157138824463;-0.6361449360847473;-0.6362797021865845;-0.6336679458618164;-0.6354764699935913;-0.6351820826530457;-0.6332897543907166;-0.632331371307373;-0.6351732015609741;-0.6358234286308289;-0.6306122541427612;-0.6274560689926147;-0.6248572468757629;-0.6244040727615356;-0.6216775178909302;-0.6151266694068909;-0.614700436592102;-0.6073756814002991;-0.6048591136932373;-0.5954574346542358;-0.5887029767036438;-0.5819628238677979;-0.5747976899147034;-0.5700846314430237;-0.5601304173469543;-0.5623234510421753;-0.5528145432472229;-0.561928927898407;-0.5592474937438965;-0.5530137419700623;-0.5484995245933533;-0.5413123369216919;-0.5330804586410522;-0.5232234597206116;-0.5129857063293457;-0.5014881491661072;-0.48726871609687805;-0.4718702435493469;-0.4564115107059479;-0.43932563066482544;-0.4224214255809784;-0.4044853150844574;-0.3900907635688782;-0.3787456452846527;-0.367888480424881;-0.3599576950073242;-0.35289910435676575;-0.3461008071899414;-0.33631977438926697;-0.3426405191421509;-0.3348170816898346;-0.3324038088321686;-0.3296579420566559;-0.32569658756256104;-0.32796892523765564;-0.3248262107372284;-0.3211652636528015;-0.32526808977127075;-0.3225184977054596;-0.319983571767807;-0.32285818457603455;-0.3267906606197357;-0.3252013027667999;-0.33126330375671387;-0.33423912525177;-0.33142024278640747;-0.33320897817611694;-0.34791862964630127;-0.3476317822933197;-0.3492463529109955;-0.348854124546051;-0.35110267996788025;-0.35010939836502075;-0.35371607542037964;-0.352775901556015;-0.35439756512641907;-0.3541829586029053;-0.35362014174461365;-0.35305362939834595;-0.3569028079509735;-0.35303500294685364;-0.35384729504585266;-0.3662925064563751;-0.36541566252708435;-0.36519256234169006;-0.365302175283432;-0.36137744784355164;-0.36135101318359375;-0.36229604482650757;-0.3623318076133728;-0.3580983579158783;-0.3609926104545593;-0.36077234148979187;-0.3605755567550659;-0.363656222820282;-0.37396037578582764;-0.3725596070289612;-0.3752327263355255;-0.3749506175518036;-0.3729756474494934;-0.37746527791023254;-0.3773635923862457;-0.37824583053588867;-0.3782540261745453;-0.37662139534950256;-0.3757183849811554;-0.3783204257488251;-0.3784855902194977;-0.3876372277736664;-0.38563889265060425;-0.38448217511177063;-0.384329617023468;-0.38204699754714966;-0.3800216317176819;-0.3805685043334961;-0.3796547055244446;-0.3812766969203949;-0.3719850778579712;-0.3612118363380432;-0.3788999319076538;-0.3797512948513031;-0.3775336444377899;-0.37756991386413574;-0.371503084897995;-0.3868356943130493;-0.3868356943130493;-0.3868356943130493
[196][273];-0.5079567432403564;-0.5160740613937378;-0.5367283821105957;-0.5483703017234802;-0.5483703017234802;-0.5707906484603882;-0.5707906484603882;-0.5835666060447693;-0.5889042615890503;-0.5889042615890503;-0.5932724475860596;-0.5939449667930603;-0.594433605670929;-0.6010699272155762;-0.5989466905593872;-0.6033484935760498;-0.6064003109931946;-0.6125404834747314;-0.6176782250404358;-0.6180722117424011;-0.6351850628852844;-0.6382494568824768;-0.6417874693870544;-0.6464125514030457;-0.6448876857757568;-0.6502691507339478;-0.6537715196609497;-0.6555585265159607;-0.6596129536628723;-0.6611261367797852;-0.6640229821205139;-0.6656515598297119;-0.6662007570266724;-0.6700775027275085;-0.6733880043029785;-0.673188328742981;-0.6752164959907532;-0.6786174178123474;-0.6804395914077759;-0.6813809275627136;-0.6828988790512085;-0.6835583448410034;-0.6840365529060364;-0.6836411356925964;-0.6999374628067017;-0.7010222673416138;-0.7005432844161987;-0.7038221955299377;-0.7052223682403564;-0.7027256488800049;-0.7025032043457031;-0.7017428278923035;-0.7017653584480286;-0.7026035785675049;-0.7026245594024658;-0.7006218433380127;-0.6980515122413635;-0.6947530508041382;-0.6900025606155396;-0.6858866810798645;-0.6807628870010376;-0.6728737950325012;-0.6674033999443054;-0.6644351482391357;-0.6580058336257935;-0.6504403948783875;-0.6463951468467712;-0.6416618824005127;-0.6378941535949707;-0.6494931578636169;-0.6452017426490784;-0.6436620950698853;-0.6420044898986816;-0.6399142146110535;-0.6331126689910889;-0.6313356161117554;-0.6304085850715637;-0.6306013464927673;-0.6294558048248291;-0.6304800510406494;-0.6329390406608582;-0.6351756453514099;-0.6383206844329834;-0.6399551033973694;-0.6405122876167297;-0.6429436206817627;-0.6446740627288818;-0.6447352766990662;-0.6476375460624695;-0.6476869583129883;-0.6495780944824219;-0.6512295007705688;-0.6524222493171692;-0.6519958972930908;-0.6534425616264343;-0.6539762616157532;-0.6503466963768005;-0.6657779812812805;-0.6665263772010803;-0.666076123714447;-0.6650335788726807;-0.6658481955528259;-0.6668376922607422;-0.6641136407852173;-0.6640175580978394;-0.6645244359970093;-0.6664273738861084;-0.6618707180023193;-0.6587512493133545;-0.6547684669494629;-0.655409574508667;-0.6526069641113281;-0.6459330916404724;-0.6445021033287048;-0.6387172937393188;-0.6361477971076965;-0.6279783248901367;-0.6209573149681091;-0.6152030229568481;-0.6070399284362793;-0.6017546653747559;-0.593108594417572;-0.593005895614624;-0.5841293334960938;-0.5943249464035034;-0.5888997316360474;-0.5826414823532104;-0.5776699781417847;-0.5722580552101135;-0.5654783844947815;-0.5549783110618591;-0.5457774996757507;-0.5335400104522705;-0.5220911502838135;-0.5074694156646729;-0.4884066879749298;-0.4734855592250824;-0.4542209208011627;-0.4415278136730194;-0.4268507957458496;-0.41102135181427;-0.40074726939201355;-0.39757561683654785;-0.3867116868495941;-0.38273149728775024;-0.37353628873825073;-0.37097594141960144;-0.36875882744789124;-0.36658820509910583;-0.3625866174697876;-0.35928264260292053;-0.3603617548942566;-0.35711464285850525;-0.35715413093566895;-0.3577531576156616;-0.3576809763908386;-0.35452038049697876;-0.3569284677505493;-0.3620527386665344;-0.3611745238304138;-0.362833708524704;-0.3658154606819153;-0.3665984570980072;-0.367087185382843;-0.37870168685913086;-0.3773884177207947;-0.38073551654815674;-0.38136059045791626;-0.38411661982536316;-0.38289889693260193;-0.3842795789241791;-0.38721179962158203;-0.388085275888443;-0.3861613869667053;-0.3839057981967926;-0.386583149433136;-0.38594087958335876;-0.38483962416648865;-0.3869870603084564;-0.39638033509254456;-0.3948648273944855;-0.39303842186927795;-0.3972179591655731;-0.39234215021133423;-0.3928721845149994;-0.39218878746032715;-0.391507625579834;-0.38997918367385864;-0.38999295234680176;-0.3900119364261627;-0.39113110303878784;-0.39354026317596436;-0.40345680713653564;-0.40450939536094666;-0.40319201350212097;-0.40559056401252747;-0.40637412667274475;-0.4077532887458801;-0.4069281220436096;-0.40849289298057556;-0.40927717089653015;-0.40724751353263855;-0.4084581136703491;-0.4092850089073181;-0.40769511461257935;-0.4144560992717743;-0.41234979033470154;-0.41150298714637756;-0.4123099744319916;-0.41173234581947327;-0.40778425335884094;-0.4062472879886627;-0.40834301710128784;-0.409335196018219;-0.4075612425804138;-0.40523824095726013;-0.4018736779689789;-0.4076002240180969;-0.41080793738365173;-0.403926819562912;-0.38718047738075256;-0.3868356943130493;-0.3868356943130493;-0.3868356943130493
[197][273];-0.45619380474090576;-0.49324125051498413;-0.5492269396781921;-0.5620737075805664;-0.5620737075805664;-0.5845311880111694;-0.5845311880111694;-0.592890739440918;-0.6008269190788269;-0.6008269190788269;-0.6063237190246582;-0.6051430106163025;-0.6057801246643066;-0.6093432903289795;-0.6090806126594543;-0.6155064105987549;-0.6161351203918457;-0.6227361559867859;-0.6277205944061279;-0.6278530955314636;-0.6449620723724365;-0.6496955156326294;-0.6512769460678101;-0.6562029719352722;-0.6549371480941772;-0.6606222987174988;-0.6635634899139404;-0.6656363606452942;-0.6670980453491211;-0.6685088872909546;-0.670891523361206;-0.6752395629882812;-0.6752997040748596;-0.6783010959625244;-0.680747926235199;-0.6827863454818726;-0.6850577592849731;-0.6868739724159241;-0.6871086955070496;-0.6891112327575684;-0.6916422247886658;-0.6925653219223022;-0.6933348774909973;-0.6924886703491211;-0.7084659934043884;-0.7091557383537292;-0.7089324593544006;-0.7125079035758972;-0.7124858498573303;-0.7103076577186584;-0.7106896638870239;-0.7095139622688293;-0.7092056274414062;-0.7106488943099976;-0.7113063335418701;-0.7099331617355347;-0.7066909670829773;-0.7040832042694092;-0.6997271776199341;-0.6943902969360352;-0.688993513584137;-0.6821581721305847;-0.6764394640922546;-0.6725255846977234;-0.6661813259124756;-0.6593775749206543;-0.655739963054657;-0.6517772078514099;-0.646673321723938;-0.6576967835426331;-0.653810441493988;-0.6502537727355957;-0.6472527384757996;-0.646973729133606;-0.6408390402793884;-0.6383802890777588;-0.6377984285354614;-0.6383467316627502;-0.6375260353088379;-0.6385202407836914;-0.6413190364837646;-0.6431544423103333;-0.6456022262573242;-0.6478808522224426;-0.6491053104400635;-0.6511923670768738;-0.6535435318946838;-0.6528878808021545;-0.6554360389709473;-0.657160222530365;-0.658397912979126;-0.6593491435050964;-0.6602187752723694;-0.6601100564002991;-0.6622440814971924;-0.6624475121498108;-0.6588408946990967;-0.6747124791145325;-0.67478346824646;-0.6740391254425049;-0.6719610691070557;-0.6734482049942017;-0.6734961271286011;-0.6723925471305847;-0.6706821918487549;-0.6728901863098145;-0.6735023260116577;-0.6710271835327148;-0.6669089794158936;-0.6647520065307617;-0.6648125648498535;-0.6607052683830261;-0.655501127243042;-0.6531651616096497;-0.6453045606613159;-0.6436300277709961;-0.6351784467697144;-0.6286600232124329;-0.6226450800895691;-0.6143379807472229;-0.6109883785247803;-0.6008694171905518;-0.6024726629257202;-0.5936375260353088;-0.6018409132957458;-0.5968871712684631;-0.5920846462249756;-0.5865132808685303;-0.5814632773399353;-0.5735906958580017;-0.5612680315971375;-0.5524934530258179;-0.542533814907074;-0.5278445482254028;-0.513578474521637;-0.4955213665962219;-0.4801536500453949;-0.46332383155822754;-0.45166605710983276;-0.4347885549068451;-0.4247186779975891;-0.41306304931640625;-0.404228538274765;-0.396864652633667;-0.38953229784965515;-0.3802773058414459;-0.38364747166633606;-0.3778713345527649;-0.3732796907424927;-0.3719134032726288;-0.36853915452957153;-0.3680960536003113;-0.36736515164375305;-0.36315661668777466;-0.36636170744895935;-0.36540648341178894;-0.36658263206481934;-0.36715495586395264;-0.3723507821559906;-0.3714100420475006;-0.37484613060951233;-0.37698277831077576;-0.37940436601638794;-0.376420259475708;-0.3871104419231415;-0.39071598649024963;-0.3907441794872284;-0.39140135049819946;-0.39178135991096497;-0.392188161611557;-0.3962650001049042;-0.3949827551841736;-0.39761659502983093;-0.3957441449165344;-0.39614248275756836;-0.3963325321674347;-0.39756304025650024;-0.39553093910217285;-0.3942195177078247;-0.4035875201225281;-0.4039538502693176;-0.40496402978897095;-0.40369662642478943;-0.3997502624988556;-0.4013403654098511;-0.39982450008392334;-0.3982658386230469;-0.3988128900527954;-0.40087634325027466;-0.400981068611145;-0.40118804574012756;-0.401714026927948;-0.4115290343761444;-0.4126467704772949;-0.41246557235717773;-0.4139619469642639;-0.41695958375930786;-0.41527271270751953;-0.41347408294677734;-0.414075642824173;-0.4149972200393677;-0.4142872393131256;-0.4144807755947113;-0.4166930913925171;-0.41533181071281433;-0.4221891164779663;-0.42179074883461;-0.4201488196849823;-0.4202077388763428;-0.4153043031692505;-0.41394659876823425;-0.4112057685852051;-0.4114166796207428;-0.409335196018219;-0.40265390276908875;-0.3931080102920532;-0.4092692732810974;-0.4165000319480896;-0.4213559925556183;-0.42877528071403503;-0.4023115634918213;-0.3868356943130493;-0.3868356943130493;-0.3868356943130493
[198][273];-0.4741424322128296;-0.4813583195209503;-0.543022632598877;-0.5620737075805664;-0.5620737075805664;-0.5858815908432007;-0.5858815908432007;-0.5962323546409607;-0.6014797687530518;-0.6014797687530518;-0.605711042881012;-0.6063051223754883;-0.6085710525512695;-0.6104345917701721;-0.6080249547958374;-0.6160273551940918;-0.6166414618492126;-0.6222320199012756;-0.6277205944061279;-0.6288191676139832;-0.6445015072822571;-0.6483377814292908;-0.6512769460678101;-0.6544392108917236;-0.6540724039077759;-0.6589138507843018;-0.6614534854888916;-0.663138747215271;-0.6670980453491211;-0.6676947474479675;-0.6720924377441406;-0.673259437084198;-0.6749080419540405;-0.6775245666503906;-0.6815154552459717;-0.682406485080719;-0.6828064322471619;-0.684637725353241;-0.6860042810440063;-0.6891112327575684;-0.6912813782691956;-0.6907787919044495;-0.6926266551017761;-0.6914364099502563;-0.707451343536377;-0.7078106999397278;-0.7079342603683472;-0.7108510136604309;-0.7118304967880249;-0.7099807262420654;-0.7093901634216309;-0.7075842022895813;-0.7079207897186279;-0.7093716263771057;-0.7103502154350281;-0.7080230116844177;-0.7047858834266663;-0.7024888396263123;-0.6984430551528931;-0.693742036819458;-0.6873598098754883;-0.6801853179931641;-0.6747802495956421;-0.6708524227142334;-0.6644907593727112;-0.6573314070701599;-0.6533364653587341;-0.6486631035804749;-0.6445824503898621;-0.6560004353523254;-0.6514171361923218;-0.6485288143157959;-0.6476003527641296;-0.647323727607727;-0.6397935152053833;-0.6376808881759644;-0.6364005208015442;-0.6372986435890198;-0.6364818811416626;-0.6360889673233032;-0.6392391324043274;-0.6410870552062988;-0.643534243106842;-0.6465128064155579;-0.6480830907821655;-0.648802638053894;-0.6504938006401062;-0.6498485803604126;-0.6530773639678955;-0.6548112034797668;-0.6560409069061279;-0.6569965481758118;-0.658198356628418;-0.6580957174301147;-0.6602287292480469;-0.6600921750068665;-0.6564792394638062;-0.6724137663841248;-0.6721582412719727;-0.6717316508293152;-0.669664204120636;-0.6718072891235352;-0.6721726059913635;-0.6704199314117432;-0.669357419013977;-0.671229898929596;-0.6708206534385681;-0.6673200726509094;-0.6638677716255188;-0.66167813539505;-0.6610062718391418;-0.6579055786132812;-0.6519819498062134;-0.6495765447616577;-0.6434847712516785;-0.642887532711029;-0.6325396299362183;-0.625210702419281;-0.6183520555496216;-0.6127267479896545;-0.6084895133972168;-0.5987274646759033;-0.5997888445854187;-0.5904911756515503;-0.6005239486694336;-0.5929117798805237;-0.5894075036048889;-0.5860522985458374;-0.5795414447784424;-0.5720811486244202;-0.5607473850250244;-0.5519376993179321;-0.5413453578948975;-0.5291127562522888;-0.5115516781806946;-0.4955213665962219;-0.4823537766933441;-0.46482259035110474;-0.44857171177864075;-0.43714186549186707;-0.420734703540802;-0.41387179493904114;-0.4034024775028229;-0.396864652633667;-0.3912160098552704;-0.38277846574783325;-0.38364747166633606;-0.3770507872104645;-0.374936580657959;-0.3719134032726288;-0.36853915452957153;-0.37064382433891296;-0.36652013659477234;-0.3640073835849762;-0.365508496761322;-0.366256445646286;-0.36827877163887024;-0.3663119077682495;-0.3706513047218323;-0.3714100420475006;-0.37399905920028687;-0.37528330087661743;-0.3785623013973236;-0.3780958652496338;-0.3871104419231415;-0.385765939950943;-0.38660189509391785;-0.3880801796913147;-0.39262470602989197;-0.39051392674446106;-0.39202237129211426;-0.3949827551841736;-0.39503782987594604;-0.3948816657066345;-0.39527976512908936;-0.392812579870224;-0.39312970638275146;-0.3911081552505493;-0.3915214538574219;-0.400898814201355;-0.4021511971950531;-0.40224090218544006;-0.4018554091453552;-0.3979100286960602;-0.3975971043109894;-0.3960234224796295;-0.39730679988861084;-0.3978402018547058;-0.39793509244918823;-0.3990071713924408;-0.4001927673816681;-0.4007006883621216;-0.41052818298339844;-0.4116378724575043;-0.41144490242004395;-0.4139619469642639;-0.41381093859672546;-0.41420644521713257;-0.410213440656662;-0.4118511378765106;-0.41385921835899353;-0.41195330023765564;-0.41087719798088074;-0.4105285108089447;-0.4102556109428406;-0.4157545566558838;-0.4164210557937622;-0.4172859787940979;-0.4170658588409424;-0.41173234581947327;-0.41190218925476074;-0.4112057685852051;-0.40524742007255554;-0.40150174498558044;-0.39769047498703003;-0.3992154598236084;-0.4018736779689789;-0.4076002240180969;-0.4213559925556183;-0.41652873158454895;-0.4023115634918213;-0.4031277298927307;-0.4031277298927307;-0.4031277298927307
[199][273];-0.5079567432403564;-0.5377662181854248;-0.5553438663482666;-0.5620737075805664;-0.5620737075805664;-0.581817626953125;-0.581817626953125;-0.5962323546409607;-0.5975477695465088;-0.5975477695465088;-0.6007782816886902;-0.6028094291687012;-0.60184246301651;-0.6055020093917847;-0.6043097972869873;-0.6113160252571106;-0.6130844950675964;-0.6181777119636536;-0.6237314343452454;-0.624941885471344;-0.6421910524368286;-0.644239068031311;-0.6472353935241699;-0.6517801284790039;-0.6514679789543152;-0.6554765701293945;-0.6589078903198242;-0.6602065563201904;-0.6625391840934753;-0.664422869682312;-0.6680764555931091;-0.6700723767280579;-0.6725505590438843;-0.6736209988594055;-0.6765021085739136;-0.6778218746185303;-0.6797863245010376;-0.6823898553848267;-0.6841573119163513;-0.6869165897369385;-0.6876567006111145;-0.6871835589408875;-0.6876364350318909;-0.6868470311164856;-0.7030270099639893;-0.7037503719329834;-0.70391845703125;-0.7068485021591187;-0.7068838477134705;-0.7053779363632202;-0.7057963609695435;-0.7046733498573303;-0.7043677568435669;-0.705517053604126;-0.7061825394630432;-0.7041772603988647;-0.7012713551521301;-0.6983157396316528;-0.694243311882019;-0.6898320913314819;-0.683743953704834;-0.6765449047088623;-0.6704363822937012;-0.6668104529380798;-0.6614310145378113;-0.6542439460754395;-0.6498796939849854;-0.6455265283584595;-0.6407228112220764;-0.65190190076828;-0.6479751467704773;-0.6450581550598145;-0.6430591940879822;-0.6427518129348755;-0.6355860233306885;-0.6341671943664551;-0.6335910558700562;-0.6330808401107788;-0.6329830884933472;-0.6350427865982056;-0.635750412940979;-0.6379675269126892;-0.6407614350318909;-0.6430737376213074;-0.6439698934555054;-0.646055281162262;-0.6481068730354309;-0.6481508016586304;-0.6490038633346558;-0.6507545113563538;-0.6536710262298584;-0.6542921662330627;-0.6548099517822266;-0.6543782353401184;-0.6554895639419556;-0.6553428173065186;-0.6541046500205994;-0.6701027154922485;-0.6691857576370239;-0.6687467098236084;-0.6666930317878723;-0.6678436994552612;-0.6695133447647095;-0.6664476990699768;-0.6663618087768555;-0.6672190427780151;-0.6691361665725708;-0.6646039485931396;-0.6604634523391724;-0.6578914523124695;-0.6582169532775879;-0.6550877094268799;-0.6470066905021667;-0.6477710604667664;-0.6398221254348755;-0.6376546025276184;-0.6298847198486328;-0.6228958368301392;-0.6163865923881531;-0.6094862818717957;-0.6059761643409729;-0.5970063209533691;-0.5961844325065613;-0.588229775428772;-0.5974355340003967;-0.5933552980422974;-0.5889596939086914;-0.5823467969894409;-0.57712721824646;-0.5695534944534302;-0.5581345558166504;-0.5480276942253113;-0.5371599197387695;-0.5252968668937683;-0.5101951956748962;-0.4948151111602783;-0.47868067026138306;-0.4603106677532196;-0.444672554731369;-0.43400129675865173;-0.4215344190597534;-0.41062766313552856;-0.40174561738967896;-0.3918178379535675;-0.38953229784965515;-0.3786018192768097;-0.38030436635017395;-0.3770507872104645;-0.3741089403629303;-0.3727514445781708;-0.3693709373474121;-0.3680960536003113;-0.36736515164375305;-0.3657039403915405;-0.36721324920654297;-0.36455485224723816;-0.3648798167705536;-0.36715495586395264;-0.3672322928905487;-0.36717450618743896;-0.37399905920028687;-0.3744310736656189;-0.3768732249736786;-0.376420259475708;-0.38627684116363525;-0.385765939950943;-0.38909202814102173;-0.3880801796913147;-0.390089750289917;-0.3871459364891052;-0.39202237129211426;-0.3924078345298767;-0.39244362711906433;-0.3914145231246948;-0.3926813304424286;-0.39369526505470276;-0.39312970638275146;-0.3919963240623474;-0.3924226760864258;-0.4017969071865082;-0.4030534625053406;-0.40496402978897095;-0.4027769863605499;-0.3988311290740967;-0.39947274327278137;-0.39887735247612;-0.39922279119491577;-0.39588823914527893;-0.3989177346229553;-0.400981068611145;-0.40118804574012756;-0.40373364090919495;-0.41252759099006653;-0.4126467704772949;-0.41042181849479675;-0.4149971306324005;-0.4148630201816559;-0.4120660126209259;-0.4123899042606354;-0.4129648208618164;-0.41385921835899353;-0.41195330023765564;-0.4144807755947113;-0.4166930913925171;-0.41533181071281433;-0.4221891164779663;-0.4231228530406952;-0.4215732216835022;-0.4186396598815918;-0.4170793294906616;-0.41394659876823425;-0.41366392374038696;-0.40834301710128784;-0.40543612837791443;-0.4075612425804138;-0.3992154598236084;-0.4092692732810974;-0.4165000319480896;-0.41080793738365173;-0.41652873158454895;-0.41693320870399475;-0.3868356943130493;-0.3868356943130493;-0.3868356943130493
[200][273];-0.5079567432403564;-0.504807710647583;-0.5367283821105957;-0.5518369078636169;-0.5518369078636169;-0.5763391256332397;-0.5763391256332397;-0.586980402469635;-0.586980402469635;-0.5868849158287048;-0.5913755297660828;-0.5927492380142212;-0.5927057862281799;-0.5977159738540649;-0.5951526761054993;-0.6001200675964355;-0.6038018465042114;-0.6104722619056702;-0.6156415343284607;-0.6160893440246582;-0.6328243613243103;-0.635456919670105;-0.6376561522483826;-0.6418883204460144;-0.6422273516654968;-0.6454402208328247;-0.6490092277526855;-0.6504305601119995;-0.6537007093429565;-0.6561336517333984;-0.6582837104797363;-0.6611853837966919;-0.6625877618789673;-0.664507269859314;-0.6670919060707092;-0.6657492518424988;-0.6674915552139282;-0.6709727048873901;-0.6732871532440186;-0.6753973364830017;-0.6777161359786987;-0.676585853099823;-0.6771134734153748;-0.6767944097518921;-0.693341851234436;-0.6948205828666687;-0.6940574049949646;-0.6980477571487427;-0.7008724808692932;-0.6987167000770569;-0.6975162029266357;-0.6958218216896057;-0.6961829662322998;-0.6963878870010376;-0.6964094042778015;-0.6940819025039673;-0.690882682800293;-0.6881995797157288;-0.6840615272521973;-0.6799004673957825;-0.6750755906105042;-0.6678171157836914;-0.661958634853363;-0.6579216122627258;-0.6507237553596497;-0.6434382200241089;-0.6396964192390442;-0.6349045634269714;-0.6300188899040222;-0.641834557056427;-0.6378361582756042;-0.634833574295044;-0.6331139802932739;-0.6338220834732056;-0.6284816265106201;-0.6281278729438782;-0.6257701516151428;-0.6255995631217957;-0.625184953212738;-0.6262253522872925;-0.6293991208076477;-0.630953848361969;-0.6341042518615723;-0.6357617974281311;-0.6356248259544373;-0.6355951428413391;-0.6373756527900696;-0.6374740600585938;-0.6410878896713257;-0.6418328285217285;-0.6440601348876953;-0.644692063331604;-0.6451793909072876;-0.6454628705978394;-0.6475897431373596;-0.6470781564712524;-0.6448219418525696;-0.6634313464164734;-0.6611582636833191;-0.6613627076148987;-0.6596803665161133;-0.6604817509651184;-0.6604161858558655;-0.6570353507995605;-0.6558826565742493;-0.658056914806366;-0.6578516960144043;-0.6560049057006836;-0.6514853835105896;-0.649865448474884;-0.6493830680847168;-0.6461621522903442;-0.6401621103286743;-0.6389986276626587;-0.631653904914856;-0.6315957903862;-0.6214333772659302;-0.6146952509880066;-0.6100366115570068;-0.6004481315612793;-0.5970631241798401;-0.5874160528182983;-0.5898038744926453;-0.5790644884109497;-0.5893914699554443;-0.5830382704734802;-0.5826414823532104;-0.5748395323753357;-0.5698028802871704;-0.5613646507263184;-0.5528612732887268;-0.5435156226158142;-0.5311098694801331;-0.5182127952575684;-0.5054137706756592;-0.4884066879749298;-0.47497624158859253;-0.4542209208011627;-0.436767578125;-0.4244409203529358;-0.4102019965648651;-0.40323853492736816;-0.39336517453193665;-0.3884204030036926;-0.38187387585639954;-0.3709811568260193;-0.37183231115341187;-0.3704299330711365;-0.3707824647426605;-0.36854496598243713;-0.36351463198661804;-0.3697962462902069;-0.3639751374721527;-0.3640073835849762;-0.36379700899124146;-0.3611315190792084;-0.36402592062950134;-0.36207181215286255;-0.36378613114356995;-0.36461323499679565;-0.3671621084213257;-0.37186428904533386;-0.37005046010017395;-0.368799090385437;-0.38376644253730774;-0.38410332798957825;-0.38576868176460266;-0.3847333788871765;-0.390089750289917;-0.38799038529396057;-0.38514673709869385;-0.3854658603668213;-0.38632962107658386;-0.3896705210208893;-0.38655713200569153;-0.3874785602092743;-0.38955017924308777;-0.39021816849708557;-0.3915214538574219;-0.400898814201355;-0.4003410339355469;-0.3985832631587982;-0.4018554091453552;-0.4034074544906616;-0.4022711515426636;-0.4007696211338043;-0.3963456451892853;-0.3909696340560913;-0.39199212193489075;-0.39602941274642944;-0.3961886763572693;-0.3986668586730957;-0.4095250070095062;-0.4085971415042877;-0.41144490242004395;-0.4139619469642639;-0.41063931584358215;-0.4120660126209259;-0.41347408294677734;-0.416288822889328;-0.41726431250572205;-0.4177647531032562;-0.4180546998977661;-0.41546714305877686;-0.4115302264690399;-0.41962671279907227;-0.41911420226097107;-0.4187197685241699;-0.4170658588409424;-0.4153043031692505;-0.40984809398651123;-0.408733606338501;-0.40524742007255554;-0.40543612837791443;-0.40265390276908875;-0.4111786186695099;-0.4165410101413727;-0.4076002240180969;-0.41080793738365173;-0.42877528071403503;-0.38718047738075256;-0.3522948920726776;-0.3522948920726776;-0.3522948920726776
[201][273];-0.4741424322128296;-0.504807710647583;-0.523859441280365;-0.5413529276847839;-0.5413529276847839;-0.5623327493667603;-0.5623327493667603;-0.5696364641189575;-0.5717825293540955;-0.5717825293540955;-0.574579119682312;-0.5731561183929443;-0.5750384330749512;-0.5782046318054199;-0.5779405236244202;-0.5836079120635986;-0.5835283398628235;-0.5903171300888062;-0.595801591873169;-0.5957459807395935;-0.6139569878578186;-0.6178278923034668;-0.619766354560852;-0.6228299140930176;-0.6235989928245544;-0.6278732419013977;-0.6303297877311707;-0.6324384808540344;-0.6345773935317993;-0.6351301670074463;-0.6380099058151245;-0.6407126188278198;-0.6423715949058533;-0.6452667713165283;-0.6480510830879211;-0.6484275460243225;-0.6499969363212585;-0.6520570516586304;-0.653881847858429;-0.6565424799919128;-0.6575155854225159;-0.6572971940040588;-0.6575815081596375;-0.6574844717979431;-0.6743959784507751;-0.6753029823303223;-0.6757946610450745;-0.6788214445114136;-0.6798588037490845;-0.67774498462677;-0.6769750118255615;-0.6758279204368591;-0.6758861541748047;-0.6758087873458862;-0.6751406788825989;-0.6738495826721191;-0.671738862991333;-0.6682699918746948;-0.6643458008766174;-0.6607309579849243;-0.6550915241241455;-0.6469802856445312;-0.6416285037994385;-0.6381351351737976;-0.6317832469940186;-0.6250542998313904;-0.6204453706741333;-0.6158543825149536;-0.6127002239227295;-0.6257355213165283;-0.6205161213874817;-0.6177338361740112;-0.6162642240524292;-0.6168956756591797;-0.6090728044509888;-0.6057385802268982;-0.6055784225463867;-0.6065002679824829;-0.6058028340339661;-0.6072907447814941;-0.6097682118415833;-0.6114308834075928;-0.6138677597045898;-0.6156391501426697;-0.6166075468063354;-0.6186835765838623;-0.6198532581329346;-0.6196804046630859;-0.6215519309043884;-0.622696042060852;-0.6252643465995789;-0.6266415119171143;-0.6270697116851807;-0.6248895525932312;-0.6262785196304321;-0.626066267490387;-0.6234545111656189;-0.6413668394088745;-0.6400609016418457;-0.6394954323768616;-0.6382898688316345;-0.6400991082191467;-0.6394909024238586;-0.6372200846672058;-0.6370019912719727;-0.6387732028961182;-0.6394528150558472;-0.636102020740509;-0.6329524517059326;-0.6300491690635681;-0.6296655535697937;-0.6258553266525269;-0.619337260723114;-0.6178131103515625;-0.6121059656143188;-0.6092973351478577;-0.6011850237846375;-0.5949360132217407;-0.589572548866272;-0.5817872881889343;-0.5768756866455078;-0.5689578056335449;-0.568153440952301;-0.5601323843002319;-0.5719039440155029;-0.5659090876579285;-0.5616870522499084;-0.5564718842506409;-0.5517033934593201;-0.5439712405204773;-0.5338837504386902;-0.5232046246528625;-0.5124370455741882;-0.5009943246841431;-0.48574385046958923;-0.46708953380584717;-0.45127537846565247;-0.4378167986869812;-0.42381253838539124;-0.40718647837638855;-0.3960314095020294;-0.38892868161201477;-0.38135406374931335;-0.3727942705154419;-0.36702877283096313;-0.35797515511512756;-0.3579235374927521;-0.355153352022171;-0.3520169258117676;-0.35129937529563904;-0.3463335335254669;-0.3489410877227783;-0.3448416590690613;-0.34132707118988037;-0.3427152931690216;-0.34359800815582275;-0.34390780329704285;-0.3455711007118225;-0.3488270342350006;-0.34803125262260437;-0.3504795432090759;-0.35345903038978577;-0.3569614589214325;-0.3566715121269226;-0.3683914244174957;-0.36798253655433655;-0.36875954270362854;-0.3684740960597992;-0.3736818730831146;-0.37253329157829285;-0.37373632192611694;-0.3766293525695801;-0.37744319438934326;-0.3745567798614502;-0.37313559651374817;-0.37477168440818787;-0.3758578300476074;-0.37480252981185913;-0.37590742111206055;-0.38719984889030457;-0.38558149337768555;-0.3855334222316742;-0.3849235475063324;-0.3809875249862671;-0.38229283690452576;-0.3804774284362793;-0.3796716332435608;-0.3799484968185425;-0.3819028437137604;-0.38288450241088867;-0.3829144537448883;-0.38415706157684326;-0.3973025977611542;-0.39621660113334656;-0.3958398401737213;-0.39920440316200256;-0.3977159857749939;-0.3978901207447052;-0.39804381132125854;-0.39710733294487;-0.3964214026927948;-0.39646923542022705;-0.3961562514305115;-0.39793041348457336;-0.39598220586776733;-0.4052566885948181;-0.40409088134765625;-0.4026815593242645;-0.4026390612125397;-0.4008367359638214;-0.39731529355049133;-0.39615723490715027;-0.3989892303943634;-0.40150174498558044;-0.392669677734375;-0.3869134187698364;-0.39434999227523804;-0.38923409581184387;-0.3775336444377899;-0.3909482955932617;-0.4023115634918213;-0.3868356943130493;-0.3868356943130493;-0.3868356943130493
[202][273];-0.4741424322128296;-0.49324125051498413;-0.5105975270271301;-0.5195937752723694;-0.5195937752723694;-0.5282930135726929;-0.5282930135726929;-0.5365573167800903;-0.5383984446525574;-0.5383984446525574;-0.5410420894622803;-0.53862464427948;-0.5406545996665955;-0.5452933311462402;-0.5437816977500916;-0.548571765422821;-0.5518128871917725;-0.5564568638801575;-0.5636563301086426;-0.5622007846832275;-0.5811007022857666;-0.5844867825508118;-0.5857893228530884;-0.5902773141860962;-0.5908249020576477;-0.5934481024742126;-0.5977829694747925;-0.5994018316268921;-0.6018252968788147;-0.6022992730140686;-0.6052399277687073;-0.6092232465744019;-0.6090267300605774;-0.6113255620002747;-0.6140363812446594;-0.6146830916404724;-0.6162622570991516;-0.6194455027580261;-0.6200512647628784;-0.6217581033706665;-0.6234409213066101;-0.6243675947189331;-0.6236324906349182;-0.6223016381263733;-0.6413843035697937;-0.642909824848175;-0.6426365375518799;-0.6453998684883118;-0.6464899778366089;-0.6444471478462219;-0.6438398957252502;-0.6438108682632446;-0.642796516418457;-0.6424282789230347;-0.6424548029899597;-0.6408717036247253;-0.6385706067085266;-0.6356176137924194;-0.6311121582984924;-0.6265199780464172;-0.6209953427314758;-0.6133373379707336;-0.6076799631118774;-0.6043167114257812;-0.5972022414207458;-0.5897851586341858;-0.5856631398200989;-0.5815805792808533;-0.5778836011886597;-0.59162837266922;-0.5872467756271362;-0.5845873951911926;-0.5836994051933289;-0.582146406173706;-0.5764164328575134;-0.5741041898727417;-0.572400689125061;-0.5729444622993469;-0.5727906823158264;-0.5740423202514648;-0.575342059135437;-0.5764052271842957;-0.5784278512001038;-0.5800127983093262;-0.5814798474311829;-0.5843380689620972;-0.5849127173423767;-0.5849041938781738;-0.5863774418830872;-0.5852592587471008;-0.5889987349510193;-0.5900907516479492;-0.5919668078422546;-0.590508222579956;-0.5902392864227295;-0.590732216835022;-0.5881063938140869;-0.6060143113136292;-0.6061676740646362;-0.6054440140724182;-0.6025555729866028;-0.6035900115966797;-0.6060819029808044;-0.602428138256073;-0.6016531586647034;-0.6029155254364014;-0.6036838889122009;-0.5997053980827332;-0.5965101718902588;-0.5959344506263733;-0.5934566259384155;-0.5900203585624695;-0.5844508409500122;-0.582702100276947;-0.5753052830696106;-0.5737618207931519;-0.5660693645477295;-0.5592676997184753;-0.5524048805236816;-0.5451856851577759;-0.5398533940315247;-0.5325179696083069;-0.5314132571220398;-0.5238247513771057;-0.5356852412223816;-0.5305061340332031;-0.5274547934532166;-0.5220645070075989;-0.5141919851303101;-0.5057711005210876;-0.49748310446739197;-0.48923468589782715;-0.47872570157051086;-0.4650978147983551;-0.44745326042175293;-0.434234082698822;-0.4169508218765259;-0.3986898362636566;-0.3878439962863922;-0.37591251730918884;-0.3634916841983795;-0.3504771590232849;-0.34223803877830505;-0.3349514603614807;-0.32801786065101624;-0.3174103796482086;-0.3258499503135681;-0.32195550203323364;-0.3175619840621948;-0.3136487603187561;-0.31358328461647034;-0.31275832653045654;-0.30773478746414185;-0.3068614900112152;-0.3109811246395111;-0.30819839239120483;-0.3094511032104492;-0.3105607032775879;-0.314370334148407;-0.3128378391265869;-0.3150594234466553;-0.31803205609321594;-0.31903114914894104;-0.3171529471874237;-0.33496731519699097;-0.3310120403766632;-0.33260202407836914;-0.3340069055557251;-0.3369693160057068;-0.33607742190361023;-0.3395167589187622;-0.34033915400505066;-0.3419124186038971;-0.3407018184661865;-0.34108442068099976;-0.34028005599975586;-0.3411196768283844;-0.33722203969955444;-0.33883199095726013;-0.35143762826919556;-0.3514319956302643;-0.3531266748905182;-0.3510199189186096;-0.3481389880180359;-0.34786203503608704;-0.3486749529838562;-0.34535425901412964;-0.34947651624679565;-0.35014742612838745;-0.3498334586620331;-0.34952011704444885;-0.35132941603660583;-0.3629208207130432;-0.36362719535827637;-0.3639809489250183;-0.36694052815437317;-0.3671507239341736;-0.36568883061408997;-0.363008588552475;-0.36478641629219055;-0.3644310235977173;-0.3637394905090332;-0.3651270866394043;-0.36335521936416626;-0.3645300269126892;-0.3778451681137085;-0.3753686249256134;-0.3735027015209198;-0.3740074038505554;-0.372338205575943;-0.366583913564682;-0.3671363294124603;-0.3696547746658325;-0.36438992619514465;-0.3557983338832855;-0.3612118363380432;-0.3709637522697449;-0.3700568377971649;-0.3658504784107208;-0.36376628279685974;-0.35523852705955505;-0.33393651247024536;-0.33393651247024536;-0.33393651247024536
[203][273];-0.43747133016586304;-0.4565701484680176;-0.47555479407310486;-0.4766288697719574;-0.4766288697719574;-0.4879912734031677;-0.4838349223136902;-0.4838349223136902;-0.4863690435886383;-0.4863690435886383;-0.4889412522315979;-0.4875924587249756;-0.4859545826911926;-0.491435170173645;-0.4910784959793091;-0.49628815054893494;-0.4974297881126404;-0.5047872066497803;-0.5078743100166321;-0.5058197975158691;-0.529638409614563;-0.5338671803474426;-0.5357151627540588;-0.5380954146385193;-0.5387643575668335;-0.5411620736122131;-0.5452595353126526;-0.5476025342941284;-0.5488969087600708;-0.5494788885116577;-0.5506593585014343;-0.5538613200187683;-0.5536545515060425;-0.5574235320091248;-0.5612390041351318;-0.5608433485031128;-0.5616663098335266;-0.5614678263664246;-0.563784122467041;-0.5663948655128479;-0.5691204071044922;-0.5683367848396301;-0.5697409510612488;-0.567516028881073;-0.588187038898468;-0.5897256135940552;-0.5895808935165405;-0.5907628536224365;-0.5925866365432739;-0.5911009311676025;-0.5899257659912109;-0.588969349861145;-0.5887410044670105;-0.5880489945411682;-0.5889260172843933;-0.5878603458404541;-0.5833128690719604;-0.579613208770752;-0.5759446024894714;-0.5712733268737793;-0.5653226375579834;-0.5576347708702087;-0.551415741443634;-0.5471814274787903;-0.5415742993354797;-0.5340400338172913;-0.5294694900512695;-0.5254173874855042;-0.5209528207778931;-0.5370908975601196;-0.5344889163970947;-0.5313947200775146;-0.5279317498207092;-0.526725709438324;-0.5209340453147888;-0.5179606080055237;-0.5171055793762207;-0.5176449418067932;-0.5164250731468201;-0.5174766778945923;-0.5200357437133789;-0.5213495492935181;-0.5228391885757446;-0.5238324403762817;-0.5246252417564392;-0.5271186828613281;-0.5292948484420776;-0.5282334089279175;-0.5296435356140137;-0.531069278717041;-0.5313615202903748;-0.5316903591156006;-0.5331161618232727;-0.530748188495636;-0.5332612991333008;-0.5337120890617371;-0.5310609936714172;-0.5499898791313171;-0.5489113330841064;-0.5483298301696777;-0.5477907061576843;-0.5491477251052856;-0.5483938455581665;-0.5439401865005493;-0.5445634722709656;-0.545555830001831;-0.5440410375595093;-0.5431894659996033;-0.53901207447052;-0.5366353988647461;-0.5357893705368042;-0.5316752195358276;-0.5252829194068909;-0.5228570103645325;-0.5169321894645691;-0.5155768990516663;-0.5081759095191956;-0.50138258934021;-0.49436795711517334;-0.48457056283950806;-0.4812866151332855;-0.47254303097724915;-0.4706307351589203;-0.46415627002716064;-0.47673264145851135;-0.4736635088920593;-0.4707392752170563;-0.46320322155952454;-0.4555550813674927;-0.4494189918041229;-0.4388526678085327;-0.43087685108184814;-0.4207190275192261;-0.4054122865200043;-0.3905050754547119;-0.375130295753479;-0.36073926091194153;-0.3429984450340271;-0.3306688666343689;-0.313021183013916;-0.30596327781677246;-0.294681578874588;-0.2842787504196167;-0.27617695927619934;-0.2687585949897766;-0.2596137225627899;-0.2701123058795929;-0.2620639204978943;-0.2601398825645447;-0.26282286643981934;-0.2582310438156128;-0.25488799810409546;-0.25201138854026794;-0.25217732787132263;-0.2530597150325775;-0.253446489572525;-0.2514722943305969;-0.25100818276405334;-0.2519382834434509;-0.2540437579154968;-0.2569543719291687;-0.25768789649009705;-0.25788450241088867;-0.2607223689556122;-0.27677345275878906;-0.2790846824645996;-0.27846112847328186;-0.28191646933555603;-0.28407323360443115;-0.28359121084213257;-0.2830788493156433;-0.2855924963951111;-0.28471800684928894;-0.28327465057373047;-0.28586626052856445;-0.28619155287742615;-0.28202271461486816;-0.2814502716064453;-0.2835083603858948;-0.3001692295074463;-0.29975131154060364;-0.3000517785549164;-0.29931607842445374;-0.2965991795063019;-0.2964571714401245;-0.2931128740310669;-0.29613709449768066;-0.2950441241264343;-0.29644379019737244;-0.2943725287914276;-0.2934204041957855;-0.295617014169693;-0.3119667172431946;-0.31472155451774597;-0.3119726777076721;-0.3115869462490082;-0.31221330165863037;-0.31241294741630554;-0.31277942657470703;-0.31339535117149353;-0.31297993659973145;-0.3139185607433319;-0.31247347593307495;-0.3119872212409973;-0.31500983238220215;-0.32845309376716614;-0.32671797275543213;-0.3248053789138794;-0.32425737380981445;-0.32024458050727844;-0.31597980856895447;-0.31501927971839905;-0.3158789575099945;-0.3190555274486542;-0.31550371646881104;-0.30473968386650085;-0.3109361529350281;-0.31804564595222473;-0.32878798246383667;-0.34950947761535645;-0.35523852705955505;-0.3522948920726776;-0.3522948920726776;-0.3522948920726776
